0.22523727313709038
0.15353077920222016
0.3026430747438619
0.3356348883594871
0.08222822134664601
0.27623289190515044
0.34795401354434724
0.2437213925424973
0.09490785114155097
0.37943195017514453
0.17522016433650858
0.28930500387644853
0.3133186116643874
0.23028071111012793
0.32435104448615915
0.23451946020538117
0.07565108275584366
0.08523792373486332
0.08564784761597301
0.18971170300958232
0.3500054671593745
0.171118710221315
0.3357078475466296
0.3115114032063849
0.40093551735358046
0.31671355253409605
0.37242528590522084
0.29773912382515016
0.0819567111242821
0.08396534805279764
0.22351795323563386
0.14767698402955917
0.3606725210640792
0.18760235679149176
0.23148209167975142
0.31530829307154457
0.23306743381410347
0.25589585616701543
0.34495158582350854
0.270640882914372
0.19983235543520808
0.22978457014345344
0.24901964848027333
0.40111633497243987
0.12405013586627227
0.2552925057036656
0.18539629276983324
0.23717141924508284
0.28592767328414614
0.3567973280638107
0.2606411091878205
0.25654162707864997
0.29433300696857584
0.2889812631872224
0.3718050718255568
0.25948411263347587
0.3357006653805105
0.11140895449313863
0.15042966401090557
0.1665713464877018
0.3545133317933123
0.32804214372777346
0.14112172271610335
0.31704930244685886
0.028847570914594726
0.2762836764555423
0.35749259754195073
0.10067068583957736
0.29739164005460433
0.21649920933059477
0.24443051344768105
0.34333013888312364
0.16845586770640922
0.3080249945989385
0.3006279914718182
0.3023818513248822
0.19302419313163338
0.12796933707023417
0.3059926126165457
0.2002865144589155
0.36342498488035646
0.14779903899986507
0.18065750121881574
0.2422131709605937
0.1593884206448851
0.1021856429600299
0.24836797153569176
0.1754061085295687
0.3692987980100493
0.2761395315204723
0.19909980263414118
0.10998116297076642
0.3537820691174265
0.1708412100642375
0.16016687767348115
0.1803400342190403
0.39806883584904895
0.23102758571176274
0.3188197090943627
0.22525824789460014
0.24962619998679775
0.1837439471003454
0.3538157743184672
0.10132317874500187
0.18373763191927922
0.37223066023172985
0.2606904032793242
0.326829823124171
0.20324516185516905
0.15917720489201195
0.2393356802662902
0.33005052210553887
0.29595511437210215
0.2872351243853632
0.23320139655155914
0.4006095500833684
0.09792872966172046
0.3826947474092831
0.2780500813792642
0.1895372715263938
0.25236485571969935
0.2974476963547048
0.1226147634443148
0.09400807710953632
0.09254280467710968
0.24218438552917068
0.29825012518356325
0.3261213493544071
0.19332279376812372
0.19041446289321592
0.35500605274982555
0.16648976766644746
0.33330007276401774
0.08973508989246108
0.1884495747168744
0.3479314270214467
0.19687966360029027
0.3242179346676138
0.11548659570312812
0.30950475761456003
0.3199626196332796
0.2528118871401182
0.22699790065865394
0.25195094607512647
0.15317323305144778
0.22761489502253582
0.2739456220349016
0.1449685162019055
0.25090181480626284
0.18177880076955158
0.21601479480563274
0.38535308705993193
0.26710777875482655
0.06979578995278488
0.24628946725747408
0.07968781859351907
0.23609547741297254
0.3866098628823901
0.3483943248637404
0.3106746605568598
0.21191339071636908
0.09143327508616439
0.2449205715937582
0.12965718736938256
0.28058209464210715
0.16223054505097875
0.06332681228753732
0.22102260900532109
0.2042902356206165
0.25622927980315047
0.20283902754314412
0.18223803131104993
0.20474967486466067
0.3844649886994916
0.3504851944857396
0.21974775591879173
0.28266786825265217
0.3367378641599805
0.10761517340135725
0.30416694070927863
0.26026924587705874
0.1589154229602042
0.34674686730090665
0.22390928303934124
0.2381196960978441
0.13405592731168617
0.18102237987656056
0.35048497939852313
0.20294800347570396
0.17249723027134758
0.32860281394768975
0.24003607370693772
0.17901407977883443
0.3248649741876126
0.33536174539485164
0.22469635479136074
0.21375535738098525
0.18017037889034895
0.3365728261836325
0.14187014677968857
0.20167019651486182
0.30323200999889816
0.0789234448920756
0.29869319645892334
0.11890234750199494
0.0342959648020629
0.3108836836143983
0.2771945955313529
0.33398167304402576
0.35588871024844443
0.19486629850879056
0.269672673271204
0.10804311457851595
0.34297679295146866
0.2542902879091124
0.2547564708286891
0.22127772012505403
0.3993189863511567
0.27552352214444914
0.04911161945759873
0.2136596877771788
0.382820365337948
0.15419295153249923
0.3768760443696425
0.17247113904850264
0.30537577937460025
0.3500826607041215
0.3669339051643983
0.22016724951585437
0.1794943256155842
0.2226382155557044
0.06398016219441542
0.07151631382504109
0.18782241813101122
0.31553653122653635
0.2959325790027993
0.2365752973604299
0.3197712678850919
0.30543805943530644
0.25855448245476603
0.3792885651196588
0.21809457465834
0.2894878188878261
0.3231841174727705
0.27261932552327056
0.335426172351656
0.3192880317777287
0.31723134119931706
0.13366236384918384
0.25585339865996687
0.35989038702691983
0.2809980865232772
0.2841340429856757
0.16287580003684743
0.31061506937591415
0.08093797779664483
0.25149791036610264
0.14973081003197553
0.3696170353383262
0.3651601341869986
0.09566077239328044
0.09355546356402447
0.19350091226762534
0.24818517429661585
0.2546305654826063
0.31753294501715407
0.28230258217150256
0.13522257507195343
0.2175821509979594
0.07031634183129533
0.10207750358004067
0.18764742053165698
0.2951933221550968
0.19264446483150052
0.19928625080485582
0.23833655296796685
0.19259121365935208
0.36576914010304423
0.3619277416392239
0.12477363724634585
0.17055739373041756
0.23491372340601438
0.18401672611830155
0.22930193022533385
0.33390709813626396
0.16974680504800496
0.1701432279963353
0.062231871800012446
0.1910499244682554
0.18750086266933685
0.3065432141225542
0.15330553398475072
0.18397809271650079
0.148628996114638
0.11363496221459111
0.333605272149783
0.3076092176682599
0.10054457006196289
0.07205361952784443
0.32248046734095
0.30346723336357845
0.13081431663338233
0.25985698039788585
0.3071534574294704
0.2946038849636471
0.20127625151235254
0.2558447117390419
0.13533078522225012
0.3719073491127302
0.12606337041747856
0.0342620761138778
0.16984776028652443
0.36630940102243303
0.3494768903903582
0.2819810723469499
0.3374061944646772
0.3554406899126066
0.09709073171862041
0.30802433647463934
0.16996909319872844
0.09023895065910344
0.34729676843100393
0.21142481842573005
0.3509383386579445
0.22376688393907135
0.19238288265991876
0.32270119830954314
0.08278712757161592
0.3604748010274643
0.31307230833759947
0.2528869317104609
0.27099280930644903
0.1627292873830678
0.10016081976069183
0.2774284601414862
0.18999597854899178
0.04099085950254658
0.3694689925753219
0.3326968696848768
0.20739599155032795
0.3225977219395839
0.07366912369381329
0.14660310049140213
0.19352435669051057
0.08696144353932025
0.05268676852812457
0.15413361969861758
0.2383822020514088
0.33835393339709413
0.28564535707426164
0.25130321704233105
0.040250790047008315
0.14201914054770615
0.13177500261335157
0.11898385647210948
0.2902623602400624
0.2854399155989405
0.1383639479249778
0.11654669298444192
0.17441201140494664
0.1994315432093682
0.1742387145726148
0.2017877649165084
0.08185214278663558
0.31280510992040045
0.2553226412793849
0.1893064000585542
0.33516689184275916
0.17268937044309346
0.1642705055543599
0.07169182054783164
0.15489003241351068
0.2774234846648259
0.08823808191943902
0.03404031106814834
0.06070591253711587
0.3005156629120351
0.3075637584808485
0.2779688456671042
0.2895972455790728
0.1987483093846863
0.317932287596178
0.2403696273163334
0.20177091066510347
0.155663527237524
0.12982347684819426
0.06791155348258031
0.2656980700844841
0.3036293153155772
0.20426711301986086
0.16238813623754592
0.24877924180263214
0.22635254419091466
0.37061660665622326
0.33013601657652086
0.3051485992858509
0.36058355329367736
0.29319815919042247
0.19367348532427098
0.16312151298651223
0.31226443103609325
0.3099491625821448
0.07345480603278133
0.34417801445854734
0.15252191378985863
0.2300604976445089
0.2682004479256406
0.2942734025305058
0.29615702100180585
0.29203412289310215
0.1117100664625539
0.18313587346907326
0.12824218968145298
0.2626681697115034
0.1851410857409122
0.1851503011480279
0.34005765762051043
0.28753891342507065
0.17967228776640717
0.20460311520172564
0.2704663837428971
0.13584072553527402
0.27080441959880336
0.13008592698809662
0.2828962028227695
0.08302759159424443
0.23136096064345987
0.30099146573340396
0.2609142058624572
0.07479953258644662
0.19936007157072738
0.057474528881359
0.20602653380856828
0.13092398985351714
0.08600872543029142
0.21058682621389724
0.3633849714274922
0.0883178819052462
0.05768862532941089
0.20938599886392123
0.2893246934891626
0.14160023326722718
0.26890411503362005
0.2600554667258409
0.2655182091690165
0.059543642308223656
0.07577864751629634
0.05364451061970714
0.1677883535974177
0.10757943568387407
0.14368089882668691
0.16900296338483003
0.058165936761911514
0.38043329497488687
0.21323118148498055
0.31903725701215585
0.28605801651651885
0.20743983551281805
0.28334706959998274
0.05020922633255588
0.20730500973480093
0.0355508609543784
0.05547968439395901
0.23778911573165892
0.2542092437911748
0.3482444941440528
0.31330894037498036
0.20538919609273862
0.06676592340640497
0.21917575262817532
0.35218071243787186
0.34259245662971205
0.24129226937242584
0.06763034854350451
0.17248284439287404
0.3957370766016997
0.21846767341901976
0.15665509094035687
0.2469883728208057
0.058873296783216775
0.06369083945167497
0.2539330258820098
0.14107644090998708
0.22670879307146147
0.31746606926866927
0.23190640273331659
0.301145671132089
0.34811592062973695
0.2525471973285891
0.1608655933168369
0.3740941323049219
0.23845215716854035
0.07145737514385514
0.04509831790251245
0.14183502343633117
0.1563054535797602
0.19852730585680461
0.11815977094060108
0.24785115430873336
0.09736286399378727
0.2839523301764782
0.03593530829564323
0.15124939850065686
0.12110388678297404
0.07770794321452953
0.06679655340486841
0.07686851538458492
0.13057514474594467
0.26821231720140015
0.23482925135009744
0.20666693729270755
0.3045819345747773
0.19215585564162868
0.27117941636816095
0.3300515785788564
0.19656687148594482
0.2884654775582731
0.2818202595921119
0.139620003033181
0.30593474174548047
0.07459842559102321
0.2484772375118118
0.09773156134072628
0.220062531863679
0.34934879566304894
0.32558411119102965
0.21150635106621654
0.2522931598333836
0.32888096411335105
0.1951071746882811
0.060755089272306904
0.32212209441228845
0.3743931657752742
0.22467146595977167
0.2342582402839705
0.38308534921553256
0.06719538869518699
0.1698850261827008
0.3507831282244493
0.23894547941919275
0.2715858330752718
0.13124524026624787
0.24317059468899807
0.32638623071799044
0.29328244639068735
0.2043842408204545
0.24055739231277087
0.2337978900894898
0.239516541803664
0.06409193493417162
0.15162492827374363
0.07393733274412637
0.12088455836887153
0.1642590451291973
0.07910100837389353
0.3170864268083796
0.30587724646600806
0.12841612738682068
0.37889624982733916
0.276685273455377
0.2499663023402442
0.3623930281693914
0.3196243265422765
0.11632896180078828
0.08908372178783643
0.07601875858435418
0.18305978545902468
0.09492244791433073
0.1761235304893335
0.1528937811350625
0.18138306719666988
0.3434337940686133
0.17782279777573534
0.348649374394812
0.39250479155302126
0.06299693564839765
0.23890254783840656
0.16489995439387817
0.20702138474206935
0.26150853816552005
0.29576481682625083
0.2798564141459531
0.32458832114355274
0.3167937353499457
0.22571416619603535
0.05162916915928493
0.276267164646729
0.33900295371760675
0.25035765374139074
0.3282071264929527
0.2439086601647789
0.21228550877890787
0.26164473211826716
0.26931456152864597
0.22027840717118022
0.16040715358590474
0.3266709849947113
0.29925495952686476
0.1721398425937394
0.1881854265924391
0.13453537820664044
0.2172617643063942
0.2777004287780013
0.14775147616409628
0.4013654794643896
0.28120242464541106
0.27828250924273495
0.31868027924345094
0.25883768884130737
0.12870730577646594
0.27890184062768364
0.11993879234256444
0.14564773289084057
0.3089314921266683
0.11272174830866566
0.31311329299875224
0.3724724344234713
0.24170619756579165
0.0984660172563729
0.09023392215081603
0.1428705378892678
0.18872451305380056
0.2800689489654816
0.05823507519063239
0.2797744921256116
0.36929899633209734
0.18836619111676314
0.29516032691700095
0.30193649375170883
0.08140319476029825
0.3808297873784026
0.05598036740316014
0.20668867313832387
0.2871363246621095
0.05593520942924363
0.2939288057419457
0.33134670185495985
0.09918484252028564
0.2837107689512646
0.08568618759881941
0.33021438403035375
0.06044539337932024
0.19052517639614444
0.08473829038208866
0.056061650469675664
0.0885317837157796
0.17101538373808303
0.1926292512820923
0.2930507757594541
0.2391261807445511
0.21111037739772467
0.27815400919535144
0.25657287892534186
0.3072300536743052
0.2001771916709162
0.3389585423538179
0.3861053994969889
0.25748044973685674
0.1507658839896537
0.125246710869358
0.19000648167572534
0.3690390494786345
0.20112616181420762
0.27840317477150295
0.2882017315620143
0.2068971792183981
0.26916278917332676
0.14588042767921452
0.2701790411908985
0.3054803804711394
0.2925030746533598
0.10375000563493442
0.2652301986979266
0.10797840400992573
0.2510561324992853
0.2912060192850061
0.07526601496839094
0.2513312432800665
0.10983303057608403
0.28957059300518856
0.07952255626683387
0.3064475321387384
0.19386723450581209
0.30070027516636527
0.2642111793073265
0.2780262010405199
0.2956007185310142
0.22608343470757333
0.22079199992842002
0.12628871410235576
0.250301293074392
0.31055489356153404
0.06155911026184966
0.1799473841619788
0.230948677148313
0.28190320521043233
0.35532027427509516
0.2231906755545587
0.2056651950549087
0.3692818663369439
0.291235403652157
0.27302478605043984
0.22635217598063215
0.1497613645708982
0.34810790387765655
0.24280276027131056
0.3125065231162764
0.34474739606278787
0.33500929751923003
0.1457009253713142
0.17111535991140134
0.18103790085442292
0.2948038680694241
0.07585881382384779
0.30159063003251574
0.29660985472155277
0.10507050506664008
0.14807913311167323
0.22112455684566476
0.06743770725398898
0.30421365977252446
0.11882080952989954
0.3377260744160067
0.2498852374809367
0.30795495627687436
0.21285481656704022
0.2792357609664059
0.1438912648733755
0.27326215405826804
0.1556314809449867
0.07815045791351632
0.33106825848287974
0.17013437151463504
0.21353063721359228
0.04062017594021956
0.16807255332023924
0.26590497441123584
0.2728791643312758
0.3202398942637008
0.3725976232737321
0.26100003671444094
0.3000917694197566
0.06020229974378364
0.11674359939170463
0.37001613137592754
0.10098669382529676
0.24340834199738637
0.21460947127429197
0.3044508363863167
0.2237667977953503
0.14059742924037344
0.3199891514344254
0.13361113814719766
0.17245055455098754
0.19567698064976302
0.11695827058665871
0.34973941422624527
0.10584402094039802
0.3115759712512835
0.2600534382958479
0.048484579834831294
0.17926488029686663
0.24768306438694854
0.18536477800057216
0.34127409458122815
0.2553251963418322
0.3417891304826392
0.19655664786941696
0.2950572253466436
0.30484190768745356
0.10112434216424998
0.3566337410685454
0.14548463433956438
0.3283072021245054
0.21510385956305975
0.19185633317208797
0.15101033779639536
0.16443397907772764
0.24074328437209613
0.06962401138371685
0.1822903617872708
0.35818961234109026
0.2795134317336122
0.3300830951925407
0.1629367593801756
0.2301863901295045
0.34430595191492386
0.19369771047782558
0.07495473251437819
0.16178241750490666
0.3167730777553879
0.19818660077040612
0.1295825960740036
0.15457098350810072
0.23044263123694692
0.22595741130312824
0.052280502047657634
0.17698477871792886
0.11672006478912927
0.2971038161855227
0.12123822714268466
0.18802174087955595
0.30384626739151205
0.17573879964162334
0.17107938073887513
0.28997506213403595
0.11778434084844826
0.15785668503078468
0.18790695232919302
0.3236141879461615
0.341476607783365
0.14026646171571658
0.3053829649052615
0.1785125628735036
0.3267838508168173
0.10918462142194808
0.16846047855868115
0.22648156424097204
0.3033429549835234
0.11004142055607408
0.2825539572104685
0.13896398704021495
0.15620720956313724
0.13939744035388776
0.04844695342610997
0.08746363821293439
0.14718716546951469
0.20199897687355015
0.1835454843469812
0.24691476794283315
0.38598877051936514
0.3230904392854729
0.31602301805728694
0.2997138459124614
0.18357972434203607
0.29887834139915836
0.10260745874190624
0.18725944520123813
0.30452014844587333
0.14037378934332023
0.33430519549669285
0.031181425523187416
0.17172031694130444
0.34482148828609077
0.2113114656338544
0.15808679849840923
0.1336462241815036
0.16692961542203202
0.12478386234123306
0.08090463695921449
0.22292685380455313
0.09431275044609028
0.2707409011522456
0.059680951612701386
0.2663578887341862
0.08125370824894523
0.2677092222698913
0.22239520555225412
0.24150406533095925
0.3230920573961286
0.03723371767497761
0.12815329629534672
0.2632083963974411
0.20889238122947454
0.10583457782842817
0.08628837678742879
0.19990210745704684
0.2019726557951309
0.08237670826336206
0.19774534516624123
0.3395440263462646
0.2685267250264949
0.300455311323795
0.2884898068749018
0.2249175417350707
0.1391072500743503
0.2387310846747728
0.23232156981890664
0.17983275614504202
0.1891451481634034
0.17084749212307293
0.2162912283781844
0.15605164093372215
0.259087960698341
0.11873293444740696
0.26642212767734313
0.3141175626124674
0.25617886923679
0.2787595238354437
0.35043975337935374
0.19395597067860404
0.05787254581814222
0.08949564028274719
0.08956069975496955
0.25214427088307684
0.25976443023762186
0.2702561927222873
0.3124461119449961
0.125227721702832
0.1936880533010919
0.138962662990279
0.2263200684332134
0.29312128294274964
0.3025975222249674
0.2831767334236639
0.310769402605906
0.21358235843737663
0.35581928865436424
0.22784175583885674
0.1776561149948861
0.1900050306432567
0.1508706777106587
0.20683453464693877
0.22044932681618526
0.20728019292403915
0.33888481151659877
0.2485939294015752
0.17179338133178118
0.34753217092582517
0.30035253164140835
0.30677126553402695
0.1578048426853952
0.11893928147688092
0.12357244445354273
0.27871461127251473
0.20967991727544338
0.10404400176505366
0.13187403597763195
0.30214127462201606
0.2314352567282712
0.27817570704716343
0.2963755523008558
0.270327908574221
0.337259594915487
0.34893657829609126
0.29376532274601985
0.32138358755865004
0.26722677905022524
0.16013434783305502
0.2652485478704489
0.1617343919376213
0.1554282295039257
0.10853121170164315
0.098686107621445
0.36655698498412315
0.10192318051505979
0.28549922395984667
0.27647098615044957
0.23533776956513677
0.15310474719927852
0.3668372536520492
0.29416224280686337
0.3372893648823553
0.28776370841960164
0.2117015973615895
0.2508450363810909
0.25716053808968053
0.31303012677797115
0.2036567308184357
0.24013071827580076
0.28414151737282944
0.18825015836691106
0.02518556583419449
0.09306125681493521
0.10969728976744399
0.19899289625067268
0.21645637975408627
0.2550051054815778
0.10435285535012055
0.2281133093490356
0.172053706964158
0.12616727543070716
0.3119187067521852
0.3141553909862876
0.36544708861360775
0.3598950190603837
0.15494814693514838
0.36392396162676305
0.26539393966514024
0.2798179258540507
0.12112779273753846
0.06799476023567164
0.0380337297145118
0.2844441453266221
0.24927701307734204
0.35142135031089966
0.23686001457370204
0.1551588158476413
0.11522034288859734
0.16247152482166494
0.1438521847575265
0.15760952094882705
0.12297921334873822
0.05586612589408349
0.2280787294678282
0.31011329646205565
0.26355088182092684
0.11876944896513723
0.28889766422966767
0.06321132581317639
0.2963201389748196
