-0.23190742156845967
-0.15894773387981653
-0.31124191300394066
-0.3448682534280481
-0.08578389933331224
-0.28444988969913326
-0.3571836872901502
-0.25086672708418095
-0.09907535830770507
-0.3894530103828006
-0.18100220850664134
-0.29737449375147806
-0.32169858333100754
-0.23716195011237554
-0.33343780049608074
-0.2413810818422257
-0.07920722730188126
-0.0889080854437381
-0.08962229348568677
-0.19565479898936966
-0.3591790481218107
-0.1767456226748111
-0.34468351790472407
-0.31984632980243366
-0.41088318097304133
-0.3251587270756082
-0.38250131214818445
-0.3058909426787246
-0.08565990931049196
-0.08791362046203842
-0.23020607473023866
-0.1526152898260808
-0.3703903276164074
-0.19350444570560393
-0.2388286649793381
-0.3242635643587189
-0.2398994222592892
-0.26294883282348513
-0.3538179447178659
-0.2784376356269101
-0.20617791370939603
-0.23679241851372804
-0.2563833147757891
-0.41136972956371404
-0.12867156721048192
-0.2627801078608833
-0.1911125436426869
-0.24450348902559468
-0.293989462534843
-0.3661544163916436
-0.26802970325287806
-0.26406288477413253
-0.30222755813119984
-0.2970523093747167
-0.3818194610464866
-0.2670164414627306
-0.3448272095719494
-0.1157519943807537
-0.15566292246010766
-0.17200545559969574
-0.3640278895850124
-0.3365613711507892
-0.14643032930214625
-0.32589520657842735
-0.03156894991285176
-0.2842853841383085
-0.3667659158591334
-0.10476192432609938
-0.305738408218984
-0.22298898911285175
-0.2516923606608991
-0.35250218253379967
-0.1743161915371522
-0.3166357087744271
-0.30949182803246755
-0.3111794401274308
-0.19895938074656455
-0.13276054803085116
-0.3146557271597406
-0.20665154536624028
-0.3730275355922004
-0.15329493775496436
-0.18651785838654672
-0.24928078669448328
-0.16502083739273993
-0.10663841118370401
-0.25587139952621607
-0.18120827400976394
-0.378464079602091
-0.2841342158372166
-0.2050242884021848
-0.11449710507221067
-0.3632714990994148
-0.1764012347594261
-0.1656192629321236
-0.18640207573371453
-0.40875187331535606
-0.23782610786914574
-0.32711398887179854
-0.23258596723938776
-0.25724918365999777
-0.1898713745921892
-0.36331405542700734
-0.1054216109642876
-0.1900669713462033
-0.38225577574666314
-0.26838612579522875
-0.33582430931037854
-0.20926241005629498
-0.16455633152246116
-0.24674253088396958
-0.3387250225566722
-0.3040154228286757
-0.2956317595769013
-0.24000346586893795
-0.410809744983029
-0.102066050675225
-0.3927925993972278
-0.28560620548904514
-0.19573190972080995
-0.2598355670609177
-0.3056486697496987
-0.1277864933105253
-0.09830416031585337
-0.09680694354807114
-0.24950447502976592
-0.30635931141179934
-0.33529729525959917
-0.19963958547767732
-0.1967351662175672
-0.3643776048467607
-0.1722609874147423
-0.34287150282042633
-0.09373580601271544
-0.19462201501721876
-0.35715247655249666
-0.20341394244927583
-0.3330611578240958
-0.12022305683992664
-0.3180028138924083
-0.32877614248293835
-0.26010804810216137
-0.23406316393740195
-0.259623414362374
-0.15843187046066098
-0.2343947908393223
-0.2818098184029608
-0.15056583285908728
-0.25821409674108453
-0.18757020486688938
-0.2222497906179926
-0.39519702761217534
-0.274530386484517
-0.07315284689059678
-0.25330149720150413
-0.08355287611583581
-0.24329130348262507
-0.39639169681876535
-0.35744114782014336
-0.31903128628251004
-0.21847897011874395
-0.09549109702669839
-0.25226384856505935
-0.13469100751977814
-0.2887347904511297
-0.1677291276030395
-0.06679674723218093
-0.2277230704135929
-0.21108187308226173
-0.26372987735015346
-0.20917451790116753
-0.18858166460311218
-0.21135885190271492
-0.39434386601988936
-0.35981142294463214
-0.22680791420284857
-0.2907712941353594
-0.34573455526528624
-0.1122460953075074
-0.3126560619482436
-0.2677686182418967
-0.16457696220429
-0.35590904826623115
-0.23065232963198087
-0.24526091438555536
-0.13891829317518994
-0.18704732640465357
-0.35986018305971745
-0.209355105587453
-0.17799309211362
-0.3375783815792753
-0.2470674221499364
-0.18480212222330045
-0.33377446345674755
-0.3448752504029099
-0.23181464774628643
-0.22044832385814828
-0.18613303968402956
-0.34572329202411484
-0.14699198650988626
-0.20812060868863455
-0.3116979693866307
-0.08281780091028124
-0.3069134657744117
-0.12361259949183157
-0.037577515104145816
-0.31940375879020233
-0.28488428115444164
-0.34333640106533253
-0.3649884798453514
-0.20101254949876585
-0.2775578298685755
-0.11253174956991426
-0.3523579519912945
-0.2621145794990942
-0.26221680696805005
-0.22796502053576934
-0.41010712892975176
-0.2833811450453563
-0.05240369332408034
-0.22000784467059065
-0.39219629116117144
-0.15942546074744818
-0.38665106568330854
-0.17797871331479864
-0.3138405911985716
-0.3592496537797158
-0.37641418894326356
-0.2269522954243412
-0.1858901281791675
-0.22916960770990238
-0.0676266961167504
-0.0753044018622868
-0.1937902225826645
-0.323953603292384
-0.3044883459212237
-0.24378703812288752
-0.328574763148053
-0.31391026472990463
-0.26614947189261845
-0.3893148623669987
-0.22456793332483674
-0.2975283866202307
-0.33191236476813324
-0.28066665869721474
-0.34458793097107765
-0.32787962426298833
-0.32597687877481335
-0.13862077943794274
-0.26315857006119064
-0.36971876227236705
-0.2888613127788543
-0.29175514590375073
-0.16857530616004843
-0.3196317034448104
-0.08503671203739264
-0.25900807180214547
-0.15482531635915867
-0.3794969748350267
-0.37488789202754963
-0.09984772693191879
-0.09753618731022909
-0.20002950231390335
-0.2553889533638938
-0.2620128219210267
-0.32649076022158563
-0.29018834915459446
-0.14030466844076875
-0.22405525612036675
-0.07453096105234217
-0.10649337100004146
-0.19400553115475208
-0.3035993083215273
-0.1985678212566331
-0.20553494980087322
-0.24538015608976213
-0.19885429965240015
-0.3757644286765756
-0.37154871595839156
-0.12945065025137334
-0.1764667282963444
-0.24199971776123913
-0.1901558429778587
-0.23622237778095287
-0.3429541817716979
-0.1761375561714336
-0.17589513060850542
-0.06559782836735964
-0.19698971884515853
-0.19361312517279272
-0.3146767491046472
-0.15871789182117418
-0.19020825787398046
-0.15408877154554895
-0.11844179817815423
-0.3427400736222277
-0.31591552823291835
-0.1045434388387377
-0.07620777502841268
-0.33104741565403056
-0.3122339115954882
-0.1355146088095738
-0.26749487795702637
-0.3154157728872148
-0.30295090302412964
-0.20771454235954342
-0.2634537874888183
-0.1403171277778062
-0.38207280521707154
-0.13061160246681486
-0.03724905725905897
-0.17575077580257598
-0.3759585724718704
-0.3587988677452634
-0.2897664003540306
-0.3462736678210992
-0.3646823366455168
-0.10134768542716369
-0.3163391188516729
-0.17556846244768212
-0.09432137822357495
-0.3567681310520447
-0.21751920247523476
-0.36019626393667814
-0.23046212646844005
-0.19827641087746817
-0.33151754929545235
-0.08661339548124075
-0.37001510308924923
-0.3218003146302035
-0.2602866650106743
-0.2791028666392338
-0.16822784426843654
-0.10449063240886917
-0.28525761238927155
-0.1964509985193794
-0.04400291785974142
-0.37948876793400194
-0.3418151731478333
-0.2135183587248244
-0.3315099203465142
-0.07746237111613605
-0.15192153111367565
-0.19995750682705166
-0.09097494238706147
-0.055741600538902626
-0.1599649180598139
-0.24574306331776405
-0.34789585040519805
-0.29365648681047096
-0.2586277724921745
-0.04340080617041663
-0.14715218423235324
-0.13673979858505259
-0.12349373109398927
-0.2983717961633291
-0.293608077141776
-0.14333055910712025
-0.1208598908004509
-0.18044899122953736
-0.20563218694833496
-0.1802844026251172
-0.20819567848623302
-0.08565728855779141
-0.3214194999187759
-0.26287004212182136
-0.19514938781485128
-0.3442498896354685
-0.17845650045213626
-0.17005765872893877
-0.07528757198758335
-0.16058370654439863
-0.2854198823110469
-0.0925225325708561
-0.036873786804233
-0.06437950258889376
-0.3089159825633011
-0.31597118212331493
-0.28608045476235133
-0.29769310773374785
-0.20492888712723092
-0.3267064159144672
-0.24750370134319735
-0.20787031700520756
-0.16113012983420813
-0.13486069066142273
-0.07198321783936767
-0.27345109192294287
-0.3121605258322215
-0.2106256255304703
-0.1683287104464754
-0.25627473653329813
-0.23320667774583134
-0.3806128639349216
-0.3391245067107356
-0.31405775437331734
-0.3701872992792626
-0.3016205706024721
-0.1999525360451745
-0.16883623774133893
-0.32122492962866656
-0.3185542475328008
-0.07754572044161363
-0.35358776985566037
-0.1579305242753659
-0.2372923445352131
-0.275757599924123
-0.3024606148270468
-0.3045296132671487
-0.3002266560133697
-0.11637149639036112
-0.18956109537660537
-0.13289611191984999
-0.270167520113779
-0.19130518953154302
-0.1915635726000285
-0.3489955690005208
-0.2958335851276231
-0.18553498751674197
-0.21085828081808738
-0.2784718201458133
-0.14059461789313676
-0.2780718567334728
-0.1350305377429557
-0.29106347226813223
-0.08690162407575966
-0.2381173067790407
-0.3094729242177592
-0.26832061822699727
-0.07856074753719045
-0.20596537915380334
-0.06073319273608063
-0.21241074878425334
-0.13558570393216038
-0.0903558422758076
-0.21756614919785425
-0.3734295626811145
-0.09264681827065936
-0.06100267890756212
-0.21620203965706233
-0.29751295253996185
-0.1471716665992114
-0.2770184847281837
-0.2677504762508581
-0.2731798052745066
-0.06285065541655474
-0.07995576277173094
-0.05677399042827258
-0.1734370955075691
-0.11234228131007556
-0.14900703961906822
-0.17482751365798976
-0.06164279261419542
-0.39053397446417015
-0.22001753212753106
-0.32782781327771016
-0.29433675154746824
-0.2138161586865491
-0.2914582342856966
-0.053766557482199856
-0.21407041809673566
-0.03836822546365143
-0.05865886162648876
-0.24503175074659078
-0.261727799786913
-0.35748621851433954
-0.32222749017855135
-0.21206856744157
-0.07051012592490304
-0.22549566594711776
-0.3621068494263999
-0.35201679247929796
-0.2483961932371692
-0.07129831484031073
-0.17833963713558576
-0.4059949761241835
-0.225611911652061
-0.16243988871464982
-0.2544616049191896
-0.0625605069216498
-0.06718453005272956
-0.26135818967552016
-0.146196368275497
-0.2335701970116954
-0.3264306829272135
-0.23888000278909857
-0.309773133808254
-0.35719787819360915
-0.26023999727407054
-0.16687713603758872
-0.3843062574540021
-0.24594709915157176
-0.07510956647332158
-0.04831869173725761
-0.14717043207788896
-0.16193209548955126
-0.2049115365885761
-0.1226589499393889
-0.2551460758252381
-0.1016376163201911
-0.2923329899759981
-0.038703375811880845
-0.15662387602107844
-0.12611621100303466
-0.08167545225972402
-0.07074138102537594
-0.08102093406590298
-0.13557259667953536
-0.2760207318381634
-0.2418665830103035
-0.212958099278273
-0.3130427903824258
-0.19875903636900882
-0.27915654731445
-0.33892610059066997
-0.20272129743463763
-0.296791303630891
-0.2899533261144
-0.14480000309508265
-0.3143742262708984
-0.07845553631737064
-0.2562359566447059
-0.10181383810278194
-0.22674952230987655
-0.3586681588398458
-0.3342633787663568
-0.21836362353695557
-0.25982567329937106
-0.33792955521770524
-0.2015767088655929
-0.06433172374725193
-0.33108581062478404
-0.38457057732170835
-0.23183823057119557
-0.2411818778407862
-0.39339321348523737
-0.07090345785223161
-0.17564390426806206
-0.360035845126989
-0.24582395859101294
-0.2794630949747671
-0.13611146965943657
-0.2504699945806103
-0.3352308476714188
-0.30160249631702785
-0.21099004165352503
-0.24765856358446003
-0.2411631531525406
-0.24644545082006541
-0.06812850503486902
-0.15725604925892211
-0.07763197218788402
-0.1258373044580322
-0.16994392360122176
-0.0832030697692791
-0.3259983947024282
-0.31475025149592656
-0.13332257896614358
-0.3887676018646318
-0.2845625239340582
-0.25760030851045324
-0.37232553894835857
-0.3287268638186496
-0.12098465489876357
-0.09293645080391466
-0.07965179447383083
-0.18928957699900475
-0.0994943346064599
-0.18206278621360558
-0.15815079707659432
-0.18737659918027538
-0.3529834633353197
-0.18384367119972997
-0.35805446366817556
-0.40270284852349086
-0.06651319964122207
-0.24602504881470055
-0.17085097387130427
-0.2139810048388462
-0.2690393246586939
-0.3049783845165825
-0.2881065450468909
-0.3336513481056662
-0.3253507503570874
-0.23261649611840332
-0.05506649914212746
-0.28433588229258067
-0.3485050548138844
-0.2578139323891742
-0.33719706784995174
-0.2511700613926315
-0.21890766201929385
-0.2691578899165992
-0.2769413893149447
-0.22701266037875523
-0.16616852406724975
-0.3356316173415421
-0.30784383625190287
-0.17814881897320353
-0.19427084346167242
-0.1397136512312657
-0.22433853500652473
-0.2854637028346952
-0.15270558792254726
-0.4118974280248873
-0.2891902292300113
-0.28630051963544373
-0.32753089718719486
-0.26660784575643615
-0.1337176589555775
-0.28689371492620785
-0.12485999218629024
-0.1508956458069802
-0.31767295114966154
-0.11711198807006706
-0.3219380540803595
-0.3827045249219095
-0.24903693629162424
-0.10272246658813557
-0.09450400219471025
-0.14822299784619164
-0.19526174801408222
-0.2882234173117159
-0.06175823999044121
-0.28791682869960367
-0.3795173431960177
-0.19435529705792154
-0.3035146193030623
-0.3104821364813356
-0.08519305587785533
-0.3912324361004108
-0.05970241571751036
-0.21299864605951402
-0.29553502516541774
-0.05946449941759553
-0.3024640874917814
-0.34035377740302025
-0.10359269644927102
-0.2920926213788413
-0.08982672203961163
-0.33934324901056495
-0.06400958508093904
-0.1972991595879025
-0.08890845957355988
-0.05969964333640375
-0.09268141195487715
-0.1769422283041663
-0.199333929879686
-0.30166813853005525
-0.2466471232087257
-0.21776365040584156
-0.2861183767299505
-0.26405191727075694
-0.3162286261982706
-0.2067563180315471
-0.3483760636263447
-0.39636469336427427
-0.26516984667026194
-0.15628355509148337
-0.13013133762179388
-0.19586783844461766
-0.37911127497819835
-0.20772873654510984
-0.28641548446071735
-0.2966262566959328
-0.21361140736571227
-0.27708447874829256
-0.15135349763185152
-0.2783255522356107
-0.31431263313381574
-0.30061538229934676
-0.10874694452544324
-0.2731369374468638
-0.11256775919380177
-0.25847156377478087
-0.29963471355612864
-0.07923062751876626
-0.2589522890612923
-0.11450717405722859
-0.2976638704134577
-0.0835373023130958
-0.31483217565177385
-0.20031146378144082
-0.3090186481289441
-0.2723379380687005
-0.28614306228624475
-0.30412522299083095
-0.23274636194650344
-0.22789183666165308
-0.13119664704322018
-0.25804213579019586
-0.31917642200156526
-0.06510929618556091
-0.18590345322650895
-0.23774967055950305
-0.2900420461330941
-0.3648635451786684
-0.2302864036271007
-0.21221346434174365
-0.3790549656499427
-0.2993238812777112
-0.2809375367861631
-0.23345732242921646
-0.15520547405193696
-0.3578896978343435
-0.2502068982360312
-0.32108420726150655
-0.35416264904366107
-0.34408907910125497
-0.15091522997072881
-0.17695036725653196
-0.18702847025961514
-0.30326721231573883
-0.07959674879984467
-0.3103373775841997
-0.3050080150219926
-0.10950459700677559
-0.15308687052211556
-0.2281842416792498
-0.07134868087141735
-0.3130118977270658
-0.12358245870397915
-0.3470041575673538
-0.25757881375605785
-0.31663362885395335
-0.21944369037453074
-0.28732628670041416
-0.14926863762589335
-0.28118178985537556
-0.16149334790304767
-0.08238005909542483
-0.3403125086559998
-0.17619833828023984
-0.220476160422033
-0.04370222034716281
-0.1738944421635094
-0.2738295657257508
-0.28094404523599575
-0.3290141778201028
-0.3825792074221755
-0.2686592211371845
-0.3085528259385271
-0.06401459157528942
-0.1218689789711272
-0.3799572769142119
-0.10523948349520078
-0.2507697367320269
-0.2213321135451958
-0.3132518738635885
-0.23082122224015345
-0.1458545196330341
-0.3290603586065565
-0.1387827940277527
-0.17854750464386487
-0.20200508229567654
-0.12157782712924355
-0.3593667492104543
-0.11074491932693675
-0.32057752168498316
-0.26770554928147755
-0.05210671411717479
-0.18521110234374147
-0.25528067794586584
-0.1912558959189512
-0.3506776475318653
-0.26297877177737977
-0.35090931681901977
-0.20290678354022137
-0.303274719741473
-0.31341010988515666
-0.10568606343290815
-0.3665058582332097
-0.15093738197914736
-0.33724204298418914
-0.22197740771740795
-0.19819829915519177
-0.15652891611877076
-0.1701265092629874
-0.24765029017560813
-0.07343674630991515
-0.1884962875380315
-0.3676914411643779
-0.2874586038098083
-0.3392194848903478
-0.1685456728369139
-0.23722692870357606
-0.3537672978723712
-0.2001915413039036
-0.07901707399426347
-0.1673738954131701
-0.3255296711789672
-0.20462918445959807
-0.134457751095922
-0.15996835051847014
-0.2379312563642316
-0.23326062377870224
-0.05558622657924249
-0.18298446807951918
-0.12120006611135635
-0.30575083284237015
-0.1260594154517191
-0.1942425927342408
-0.31208802795052254
-0.18175591800165647
-0.17696263340701543
-0.2984378185041183
-0.12283300086576353
-0.16327212758243329
-0.1940805636012174
-0.3327593754552669
-0.35088021202384184
-0.14531883848542507
-0.3141540458216954
-0.18439037027908536
-0.33578556205797694
-0.11395777696117151
-0.17433518220273583
-0.2337383308581347
-0.31228056630971773
-0.11448104138374907
-0.290616282867825
-0.14413672146960702
-0.16183388730932374
-0.1447382044427426
-0.05177648308786733
-0.09154248797238206
-0.15247669945868841
-0.20835201721790825
-0.1896729432112053
-0.2545354774926868
-0.39625180665241333
-0.33218208090354384
-0.3249541000584561
-0.30832637338006275
-0.18976910647146536
-0.3071758585705698
-0.10709332524684308
-0.19362800530738586
-0.31343076372027884
-0.1458263156564492
-0.3433053015272374
-0.034105536248150436
-0.17736971116459635
-0.3545423349858069
-0.2178708832998514
-0.16385795765143799
-0.13881247365459548
-0.17262613818574696
-0.13007128810329904
-0.08514758873389232
-0.22981719775974807
-0.09881301065927577
-0.2789050011757608
-0.06338872613540959
-0.2739937640144758
-0.08535276351933185
-0.27556247170397075
-0.22967878117576956
-0.24887557686832576
-0.33202454836339657
-0.04024460987242613
-0.13336254724014968
-0.27083305754840925
-0.21544324615252508
-0.1104740590086002
-0.09059630284431516
-0.206777660670456
-0.20828842428074582
-0.08609051863608376
-0.20431973996555222
-0.348663292190066
-0.2763068622719335
-0.30892378706509704
-0.2968610274233692
-0.23204647115823543
-0.1446441327289289
-0.24599294354568646
-0.23940160185602724
-0.18609668994392037
-0.19559504914633002
-0.17668111441129888
-0.22309717181447383
-0.16157718462624712
-0.2667244496921848
-0.12385197392592542
-0.274253191507493
-0.32296894144129334
-0.2637008869763164
-0.28684237126065687
-0.35997525855036067
-0.2004611945700041
-0.06159851614096145
-0.0936098370232114
-0.09387826505609138
-0.25983497028885394
-0.2678045206506345
-0.2783634619615178
-0.3212756244336695
-0.13042420581921632
-0.20023882989907343
-0.14432720713293773
-0.23363680452368712
-0.301648247900765
-0.31116890022955856
-0.29144564635067743
-0.3197463291897
-0.22023301881364962
-0.3655686618922085
-0.23513444473352732
-0.18341644387233283
-0.1965153373910783
-0.15628232419454965
-0.21384340270095792
-0.22753604777161757
-0.213898156044938
-0.34809470562918243
-0.25645503000160735
-0.1778422258487562
-0.35715935808757665
-0.3088291139198045
-0.31527271993268047
-0.1632682068218319
-0.12365640967028661
-0.1286392290342273
-0.2869904196658314
-0.21624685436269728
-0.10875510384189149
-0.1369041183445224
-0.31084823941022055
-0.23864822115129714
-0.2864486806603708
-0.30511586969475085
-0.2781346005859398
-0.3463853009341705
-0.35845365132254203
-0.3021074721898162
-0.3304301913863775
-0.2749171214798216
-0.16554321207454592
-0.2731515794596417
-0.16747386932410332
-0.16080023418767928
-0.1133869507159624
-0.10309398736882146
-0.3764295765144114
-0.1064930413418977
-0.29356655506106794
-0.2843601899494384
-0.24277935669911915
-0.15827015020334545
-0.3767053608694382
-0.30265943143557483
-0.34665853559424015
-0.2962833759383691
-0.2183199973077444
-0.25855411875621526
-0.26499238580579654
-0.32181237426323595
-0.21025584777391396
-0.24732114109775588
-0.29227501772737696
-0.19468791670092964
-0.02807506717774947
-0.09719720083156655
-0.11421764261984084
-0.20589275127619663
-0.2236534487286593
-0.26274602600161
-0.10902128096951073
-0.23531358096840368
-0.1782139866981205
-0.13128905656194603
-0.32072929260427063
-0.3233034601900893
-0.3752541720547018
-0.36967450924528955
-0.16045729279096768
-0.37372649145588077
-0.2733101425154491
-0.2879733937286231
-0.12614672728320253
-0.07172526554660372
-0.04134666297399164
-0.29269198502716537
-0.25665001334422655
-0.3612911737866324
-0.2440265454833694
-0.16096817943636862
-0.12006565600877277
-0.1681199232874132
-0.14917773954849642
-0.16342196015186441
-0.1280277687232022
-0.05958380193273826
-0.23511298925288596
-0.31899315965515884
-0.2715335528784968
-0.12378923363789508
-0.29738741247925277
-0.06669727123793508
-0.3049123867089995
